<Nnet> 
<AffineTransform> 3 5 
<LearnRateCoef> 1 <BiasLearnRateCoef> 1 <MaxNorm> 0  [
  0.5971861 -0.1485795 -0.8406976 0.0259598 0.0149312 
  0.02271999 -0.1298956 -0.1417916 -0.1553033 -0.09070534 
  0.7647071 -0.4271501 -0.1589169 0.6290438 0.03965995 ]
 [ -3.203336 -2.703211 -1.149163 ]
<Sigmoid> 3 3 
<AffineTransform> 6 3 
<LearnRateCoef> 1 <BiasLearnRateCoef> 0.1 <MaxNorm> 0  [
  0.9878805 -0.4803099 3.474305 
  0.3067766 0.5243074 -1.148489 
  0.3908977 0.5411048 1.085848 
  -1.024073 -0.02004626 -1.370618 
  -3.096377 2.201577 -0.9385669 
  -1.367471 -1.489618 -0.239988 ]
 [ 0 0 0 0 0 0 ]
<BlockSoftmax> 6 6 
[ 3 3 ]
</Nnet> 
