<Nnet> 
<AffineTransform> 3 5 
<LearnRateCoef> 1 <BiasLearnRateCoef> 1 <MaxNorm> 0  [
  0.5971861 -0.1485795 -0.8406976 0.0259598 0.0149312 
  0.02271999 -0.1298956 -0.1417916 -0.1553033 -0.09070534 
  0.7647071 -0.4271501 -0.1589169 0.6290438 0.03965995 ]
 [ -3.203336 -2.703211 -1.149163 ]
<Sigmoid> 3 3 
<AffineTransform> 3 3 
<LearnRateCoef> 1 <BiasLearnRateCoef> 0.1 <MaxNorm> 0  [
  1.209901 -0.5882571 4.255136 
  0.375723 0.6421427 -1.406606 
  0.4787499 0.6627153 1.329886 ]
 [ 0 0 0 ]
<Softmax> 3 3 
</Nnet> 
